[gd_scene load_steps=15 format=3 uid="uid://vvy6x1opqg38"]

[ext_resource type="Script" uid="uid://e21fppx1xcf6" path="res://Rooms/boss_room.gd" id="1_vhtwo"]
[ext_resource type="Script" uid="uid://c0o4vfoj843ss" path="res://System/ship_camera.gd" id="2_mh4qy"]
[ext_resource type="PackedScene" uid="uid://ctb7nmiytho8y" path="res://asteroid.tscn" id="3_tyj33"]
[ext_resource type="Texture2D" uid="uid://ofpom3tc6psm" path="res://Assets/Space/Starfields/Starfield 6 - 1024x1024.png" id="4_vhtwo"]
[ext_resource type="PackedScene" uid="uid://cvwlvb7f8un4s" path="res://Enemies/CircleSnipeElite.tscn" id="6_v5f6f"]
[ext_resource type="PackedScene" uid="uid://csh8qxtu53sjs" path="res://Rooms/RoomSystems/Portal.tscn" id="7_eoeu4"]

[sub_resource type="Gradient" id="Gradient_uprbt"]
offsets = PackedFloat32Array(0.037656903, 0.8995816, 0.94351465)
colors = PackedColorArray(0, 0, 0, 1, 0, 0, 0, 1, 1, 1, 1, 1)

[sub_resource type="FastNoiseLite" id="FastNoiseLite_5ojky"]
noise_type = 2
frequency = 0.0571
fractal_octaves = 3
fractal_gain = 1.945
cellular_jitter = 0.24

[sub_resource type="NoiseTexture2D" id="NoiseTexture2D_05v1n"]
width = 2048
height = 2048
noise = SubResource("FastNoiseLite_5ojky")
color_ramp = SubResource("Gradient_uprbt")

[sub_resource type="PanoramaSkyMaterial" id="PanoramaSkyMaterial_p6ctf"]
panorama = SubResource("NoiseTexture2D_05v1n")

[sub_resource type="Sky" id="Sky_2safh"]
sky_material = SubResource("PanoramaSkyMaterial_p6ctf")

[sub_resource type="Environment" id="Environment_2je50"]
background_mode = 2
sky = SubResource("Sky_2safh")

[sub_resource type="StandardMaterial3D" id="StandardMaterial3D_2je50"]
albedo_texture = ExtResource("4_vhtwo")

[sub_resource type="QuadMesh" id="QuadMesh_6tpxg"]
material = SubResource("StandardMaterial3D_2je50")
size = Vector2(400, 400)

[node name="BossRoomTest" type="Node3D" node_paths=PackedStringArray("boss_scene")]
script = ExtResource("1_vhtwo")
boss_scene = NodePath("Objects/Enemies/Elite_CircleSnipe")
room_type = 4
room_min_x = -25.0
room_max_x = 25.0
room_min_z = -25.0
room_max_z = 25.0

[node name="Environment" type="Node3D" parent="."]

[node name="MainLight" type="DirectionalLight3D" parent="Environment"]
transform = Transform3D(-0.858112, -0.38958094, 0.33447066, 0.12406237, 0.47478902, 0.8713119, -0.4982493, 0.789178, -0.3590897, 0, 0, 32.59497)
light_energy = 1.2
shadow_enabled = true
sky_mode = 1

[node name="AccentLight" type="DirectionalLight3D" parent="Environment"]
transform = Transform3D(-0.7164005, -0.4942279, -0.49245217, 0.67876047, -0.33041608, -0.6558273, 0.161414, -0.80409217, 0.5721725, -3.177672, 0, 32.59497)
light_energy = 0.5
shadow_enabled = true
sky_mode = 1

[node name="WorldEnvironment" type="WorldEnvironment" parent="Environment"]
environment = SubResource("Environment_2je50")

[node name="Camera3D" type="Camera3D" parent="Environment"]
transform = Transform3D(1, 0, 0, 0, -4.371139e-08, 1, 0, -1, -4.371139e-08, 0, 50, 0)
fov = 24.0
script = ExtResource("2_mh4qy")

[node name="Objects" type="Node3D" parent="."]

[node name="Walls" type="Node3D" parent="Objects"]

[node name="LeftWall" type="CSGBox3D" parent="Objects/Walls" groups=["terrain"]]
transform = Transform3D(1, 0, 0, 0, 1, 0, 0, 0, 1, -25, 0, 0)
use_collision = true
collision_layer = 16777216
collision_mask = 0
size = Vector3(1, 1, 50)

[node name="RightWall" type="CSGBox3D" parent="Objects/Walls" groups=["terrain"]]
transform = Transform3D(1, 0, 0, 0, 1, 0, 0, 0, 1, 25, 0, 0)
use_collision = true
collision_layer = 16777216
collision_mask = 0
size = Vector3(1, 1, 50)

[node name="BottomWall2" type="CSGBox3D" parent="Objects/Walls" groups=["terrain"]]
transform = Transform3D(-4.371139e-08, 0, 1, 0, 1, 0, -1, 0, -4.371139e-08, 0, 0, 25)
use_collision = true
collision_layer = 16777216
collision_mask = 0
size = Vector3(1, 1, 50)

[node name="TopWall2" type="CSGBox3D" parent="Objects/Walls" groups=["terrain"]]
transform = Transform3D(-4.371139e-08, 0, 1, 0, 1, 0, -1, 0, -4.371139e-08, 0, 0, -25)
use_collision = true
collision_layer = 16777216
collision_mask = 0
size = Vector3(1, 1, 50)

[node name="Hazards" type="Node3D" parent="Objects"]

[node name="Asteroid" parent="Objects/Hazards" instance=ExtResource("3_tyj33")]
transform = Transform3D(0.7838993, -0.5587799, 0.27067843, 0, 0.4359538, 0.89996904, -0.6208878, -0.70548517, 0.34174392, -16.114674, 0, -15.335426)
size = Vector3(4.5, 5.75, 4.2)
x_amt = 0.35
z_amt = 0.2

[node name="Asteroid7" parent="Objects/Hazards" instance=ExtResource("3_tyj33")]
transform = Transform3D(0.7838993, -0.5587799, 0.27067843, 0, 0.4359538, 0.89996904, -0.6208878, -0.70548517, 0.34174392, 18.090956, 0, 17.28114)
x_amt = 0.25
y_amt = 0.5

[node name="Asteroid2" parent="Objects/Hazards" instance=ExtResource("3_tyj33")]
transform = Transform3D(0.7838993, -0.5587799, 0.27067843, 0, 0.4359538, 0.89996904, -0.6208878, -0.70548517, 0.34174392, -17.548096, 0, 7.444788)
x_amt = 0.0
y_amt = 0.2
z_amt = 0.2

[node name="Background" type="MeshInstance3D" parent="Objects"]
transform = Transform3D(1, 0, 0, 0, -4.371139e-08, 1, 0, -1, -4.371139e-08, 0, -70, 0)
mesh = SubResource("QuadMesh_6tpxg")

[node name="Enemies" type="Node3D" parent="Objects"]

[node name="Elite_CircleSnipe" parent="Objects/Enemies" instance=ExtResource("6_v5f6f")]
transform = Transform3D(1, 0, 0, 0, 1, 0, 0, 0, 1, 10.564115, 0, -12.862701)

[node name="Elite_CircleSnipe2" parent="Objects/Enemies" instance=ExtResource("6_v5f6f")]
transform = Transform3D(1, 0, 0, 0, 1, 0, 0, 0, 1, -5.857112, 0, -13.376894)

[node name="Elite_CircleSnipe3" parent="Objects/Enemies" instance=ExtResource("6_v5f6f")]
transform = Transform3D(1, 0, 0, 0, 1, 0, 0, 0, 1, 2.5859632, 0, -6.362771)

[node name="Systems" type="Node3D" parent="."]

[node name="Portal" parent="Systems" instance=ExtResource("7_eoeu4")]
transform = Transform3D(1, 0, 0, 0, 1, 0, 0, 0, 1, 0, 0, -19.394066)
