[gd_scene load_steps=11 format=3 uid="uid://cepnqohmffd6l"]

[ext_resource type="Script" uid="uid://b5emlgfef83qm" path="res://Rooms/room.gd" id="1_uprbt"]
[ext_resource type="Script" uid="uid://c0o4vfoj843ss" path="res://System/ship_camera.gd" id="2_5ojky"]
[ext_resource type="PackedScene" uid="uid://3fp1iq0534gf" path="res://enemy_spawner.tscn" id="3_05v1n"]
[ext_resource type="PackedScene" uid="uid://cwlem73vmxpvv" path="res://Rooms/RoomSystems/ExitPortal.tscn" id="4_p6ctf"]

[sub_resource type="Gradient" id="Gradient_uprbt"]
offsets = PackedFloat32Array(0.037656903, 0.8995816, 0.94351465)
colors = PackedColorArray(0, 0, 0, 1, 0, 0, 0, 1, 1, 1, 1, 1)

[sub_resource type="FastNoiseLite" id="FastNoiseLite_5ojky"]
noise_type = 2
frequency = 0.0571
fractal_octaves = 3
fractal_gain = 1.945
cellular_jitter = 0.24

[sub_resource type="NoiseTexture2D" id="NoiseTexture2D_05v1n"]
width = 2048
height = 2048
noise = SubResource("FastNoiseLite_5ojky")
color_ramp = SubResource("Gradient_uprbt")

[sub_resource type="PanoramaSkyMaterial" id="PanoramaSkyMaterial_p6ctf"]
panorama = SubResource("NoiseTexture2D_05v1n")

[sub_resource type="Sky" id="Sky_2safh"]
sky_material = SubResource("PanoramaSkyMaterial_p6ctf")

[sub_resource type="Environment" id="Environment_2je50"]
background_mode = 2
sky = SubResource("Sky_2safh")

[node name="TestRoom" type="Node3D"]
script = ExtResource("1_uprbt")

[node name="Environment" type="Node3D" parent="."]

[node name="MainLight" type="DirectionalLight3D" parent="Environment"]
transform = Transform3D(-0.858112, -0.38958094, 0.33447066, 0.12406237, 0.47478902, 0.8713119, -0.4982493, 0.789178, -0.3590897, 0, 0, 32.59497)
light_energy = 1.2
shadow_enabled = true
sky_mode = 1

[node name="AccentLight" type="DirectionalLight3D" parent="Environment"]
transform = Transform3D(-0.7164005, -0.4942279, -0.49245217, 0.67876047, -0.33041608, -0.6558273, 0.161414, -0.80409217, 0.5721725, -3.177672, 0, 32.59497)
light_energy = 0.5
shadow_enabled = true
sky_mode = 1

[node name="WorldEnvironment" type="WorldEnvironment" parent="Environment"]
environment = SubResource("Environment_2je50")

[node name="Camera3D" type="Camera3D" parent="Environment"]
transform = Transform3D(1, 0, 0, 0, -4.371139e-08, 1, 0, -1, -4.371139e-08, 0, 50, 0)
fov = 24.0
script = ExtResource("2_5ojky")

[node name="Objects" type="Node3D" parent="."]

[node name="Walls" type="Node3D" parent="Objects"]

[node name="LeftWall" type="CSGBox3D" parent="Objects/Walls" groups=["terrain"]]
transform = Transform3D(1, 0, 0, 0, 1, 0, 0, 0, 1, -100, 0, 0)
use_collision = true
collision_layer = 16777216
collision_mask = 0
size = Vector3(1, 1, 200)

[node name="RightWall" type="CSGBox3D" parent="Objects/Walls" groups=["terrain"]]
transform = Transform3D(1, 0, 0, 0, 1, 0, 0, 0, 1, 100, 0, 0)
use_collision = true
collision_layer = 16777216
collision_mask = 0
size = Vector3(1, 1, 200)

[node name="BottomWall2" type="CSGBox3D" parent="Objects/Walls" groups=["terrain"]]
transform = Transform3D(-4.371139e-08, 0, 1, 0, 1, 0, -1, 0, -4.371139e-08, 0, 0, 100)
use_collision = true
collision_layer = 16777216
collision_mask = 0
size = Vector3(1, 1, 200)

[node name="TopWall2" type="CSGBox3D" parent="Objects/Walls" groups=["terrain"]]
transform = Transform3D(-4.371139e-08, 0, 1, 0, 1, 0, -1, 0, -4.371139e-08, 0, 0, -100)
use_collision = true
collision_layer = 16777216
collision_mask = 0
size = Vector3(1, 1, 200)

[node name="Hazards" type="Node3D" parent="Objects"]

[node name="Asteroid" type="CSGBox3D" parent="Objects/Hazards" groups=["terrain"]]
transform = Transform3D(0.78389937, -0.5587799, 0.27067843, 0, 0.4359538, 0.89996904, -0.6208879, -0.70548517, 0.34174392, -11.905979, 0, 0)
use_collision = true
collision_layer = 16777216
collision_mask = 0
size = Vector3(1.5, 4, 2)

[node name="EnemySpawner" parent="Objects" instance=ExtResource("3_05v1n")]
transform = Transform3D(1, 0, 0, 0, 1, 0, 0, 0, 1, 31.840532, 0, -24.406616)
max_spawns = 1

[node name="EnemySpawner2" parent="Objects" instance=ExtResource("3_05v1n")]
transform = Transform3D(1, 0, 0, 0, 1, 0, 0, 0, 1, -56.302963, 0, 2.1090508)
max_spawns = 1

[node name="EnemySpawner3" parent="Objects" instance=ExtResource("3_05v1n")]
transform = Transform3D(1, 0, 0, 0, 1, 0, 0, 0, 1, 50.487427, 0, 39.53444)
max_spawns = 1

[node name="Systems" type="Node3D" parent="."]

[node name="ExitPortal" parent="Systems" instance=ExtResource("4_p6ctf")]
transform = Transform3D(1, 0, 0, 0, 1, 0, 0, 0, 1, 0, 0, -63.62658)
enabled = null
